# Game Level Exporter v1.0
LIGHT
Light
<Matrix 4x4 ( 0.9985, -0.0552, 0.0000, 0.0000)
            ( 0.0334,  0.6045, 0.7959, 0.0000)
            (-0.0439, -0.7947, 0.6054, 0.0000)
            ( 4.0762, 13.3350, 1.0055, 1.0000)>
CAMERA
Camera
<Matrix 4x4 ( 0.6859,  0.0000,  0.7277, 0.0000)
            (-0.3240,  0.8954,  0.3054, 0.0000)
            (-0.6516, -0.4453,  0.6142, 0.0000)
            ( 7.3589, 12.3895, -6.9258, 1.0000)>
MESH
Ground
<Matrix 4x4 (20.0000,  0.0000,  0.0000, 0.0000)
            ( 0.0000,  0.0000, 20.0000, 0.0000)
            ( 0.0000, -1.0000,  0.0000, 0.0000)
            ( 0.0000,  0.0000,  0.0000, 1.0000)>
MESH
Arch_Door
<Matrix 4x4 ( 0.3374, 0.0000,  -0.9414, 0.0000)
            (-0.0000, 1.0000,  -0.0000, 0.0000)
            ( 0.9414, 0.0000,   0.3374, 0.0000)
            (-1.4060, 0.0000, -12.6505, 1.0000)>
MESH
Arch.001
<Matrix 4x4 (1.0000, 0.0000,   0.0000, 0.0000)
            (0.0000, 1.0000,  -0.0000, 0.0000)
            (0.0000, 0.0000,   1.0000, 0.0000)
            (0.0186, 0.0000, -13.8365, 1.0000)>
MESH
Wall_Modular
<Matrix 4x4 (1.0000, 0.0000,   0.0000, 0.0000)
            (0.0000, 1.0000,  -0.0000, 0.0000)
            (0.0000, 0.0000,   1.0000, 0.0000)
            (3.0000, 1.0000, -14.0000, 1.0000)>
MESH
Wall_Modular.001
<Matrix 4x4 (1.0000, 0.0000,   0.0000, 0.0000)
            (0.0000, 1.0000,  -0.0000, 0.0000)
            (0.0000, 0.0000,   1.0000, 0.0000)
            (3.0000, 3.0000, -14.0000, 1.0000)>
MESH
Wall_Modular.003
<Matrix 4x4 (1.0000, 0.0000,   0.0000, 0.0000)
            (0.0000, 1.0000,  -0.0000, 0.0000)
            (0.0000, 0.0000,   1.0000, 0.0000)
            (5.0000, 1.0000, -14.0000, 1.0000)>
MESH
Wall_Modular.002
<Matrix 4x4 (1.0000, 0.0000,   0.0000, 0.0000)
            (0.0000, 1.0000,  -0.0000, 0.0000)
            (0.0000, 0.0000,   1.0000, 0.0000)
            (5.0000, 3.0000, -14.0000, 1.0000)>
MESH
Torch
<Matrix 4x4 (1.0000, 0.0000,   0.0000, 0.0000)
            (0.0000, 1.0000,  -0.0000, 0.0000)
            (0.0000, 0.0000,   1.0000, 0.0000)
            (1.5000, 2.0000, -14.5000, 1.0000)>
MESH
Torch.001
<Matrix 4x4 ( 1.0000, 0.0000,   0.0000, 0.0000)
            ( 0.0000, 1.0000,  -0.0000, 0.0000)
            ( 0.0000, 0.0000,   1.0000, 0.0000)
            (-1.5000, 2.0000, -14.5000, 1.0000)>
MESH
Banner_wall
<Matrix 4x4 (1.0000, 0.0000,   0.0000, 0.0000)
            (0.0000, 1.0000,  -0.0000, 0.0000)
            (0.0000, 0.0000,   1.0000, 0.0000)
            (3.0000, 3.0000, -14.5000, 1.0000)>
MESH
Wall_Modular.007
<Matrix 4x4 ( 1.0000, 0.0000,   0.0000, 0.0000)
            ( 0.0000, 1.0000,  -0.0000, 0.0000)
            ( 0.0000, 0.0000,   1.0000, 0.0000)
            (-5.0000, 1.0000, -14.0000, 1.0000)>
MESH
Wall_Modular.006
<Matrix 4x4 ( 1.0000, 0.0000,   0.0000, 0.0000)
            ( 0.0000, 1.0000,  -0.0000, 0.0000)
            ( 0.0000, 0.0000,   1.0000, 0.0000)
            (-5.0000, 3.0000, -14.0000, 1.0000)>
MESH
Wall_Modular.005
<Matrix 4x4 ( 1.0000, 0.0000,   0.0000, 0.0000)
            ( 0.0000, 1.0000,  -0.0000, 0.0000)
            ( 0.0000, 0.0000,   1.0000, 0.0000)
            (-3.0000, 3.0000, -14.0000, 1.0000)>
MESH
Wall_Modular.004
<Matrix 4x4 ( 1.0000, 0.0000,   0.0000, 0.0000)
            ( 0.0000, 1.0000,  -0.0000, 0.0000)
            ( 0.0000, 0.0000,   1.0000, 0.0000)
            (-3.0000, 1.0000, -14.0000, 1.0000)>
MESH
Banner_wall.001
<Matrix 4x4 ( 1.0000, 0.0000,   0.0000, 0.0000)
            ( 0.0000, 1.0000,  -0.0000, 0.0000)
            ( 0.0000, 0.0000,   1.0000, 0.0000)
            (-3.0000, 3.0000, -14.5000, 1.0000)>
MESH
Wall_Modular.011
<Matrix 4x4 (1.0000, 0.0000,   0.0000, 0.0000)
            (0.0000, 1.0000,  -0.0000, 0.0000)
            (0.0000, 0.0000,   1.0000, 0.0000)
            (7.0000, 1.0000, -14.0000, 1.0000)>
MESH
Wall_Modular.010
<Matrix 4x4 (1.0000, 0.0000,   0.0000, 0.0000)
            (0.0000, 1.0000,  -0.0000, 0.0000)
            (0.0000, 0.0000,   1.0000, 0.0000)
            (7.0000, 3.0000, -14.0000, 1.0000)>
MESH
Wall_Modular.009
<Matrix 4x4 (1.0000, 0.0000,   0.0000, 0.0000)
            (0.0000, 1.0000,  -0.0000, 0.0000)
            (0.0000, 0.0000,   1.0000, 0.0000)
            (9.0000, 3.0000, -14.0000, 1.0000)>
MESH
Wall_Modular.008
<Matrix 4x4 (1.0000, 0.0000,   0.0000, 0.0000)
            (0.0000, 1.0000,  -0.0000, 0.0000)
            (0.0000, 0.0000,   1.0000, 0.0000)
            (9.0000, 1.0000, -14.0000, 1.0000)>
MESH
Wall_Modular.015
<Matrix 4x4 ( 1.0000, 0.0000,   0.0000, 0.0000)
            ( 0.0000, 1.0000,  -0.0000, 0.0000)
            ( 0.0000, 0.0000,   1.0000, 0.0000)
            (11.0000, 3.0000, -14.0000, 1.0000)>
MESH
Wall_Modular.014
<Matrix 4x4 ( 1.0000, 0.0000,   0.0000, 0.0000)
            ( 0.0000, 1.0000,  -0.0000, 0.0000)
            ( 0.0000, 0.0000,   1.0000, 0.0000)
            (11.0000, 1.0000, -14.0000, 1.0000)>
MESH
Wall_Modular.013
<Matrix 4x4 ( 1.0000, 0.0000,   0.0000, 0.0000)
            ( 0.0000, 1.0000,  -0.0000, 0.0000)
            ( 0.0000, 0.0000,   1.0000, 0.0000)
            (13.0000, 3.0000, -14.0000, 1.0000)>
MESH
Wall_Modular.012
<Matrix 4x4 ( 1.0000, 0.0000,   0.0000, 0.0000)
            ( 0.0000, 1.0000,  -0.0000, 0.0000)
            ( 0.0000, 0.0000,   1.0000, 0.0000)
            (13.0000, 1.0000, -14.0000, 1.0000)>
MESH
Wall_Modular.023
<Matrix 4x4 (  1.0000, 0.0000,   0.0000, 0.0000)
            (  0.0000, 1.0000,  -0.0000, 0.0000)
            (  0.0000, 0.0000,   1.0000, 0.0000)
            (-11.0000, 1.0000, -14.0000, 1.0000)>
MESH
Wall_Modular.022
<Matrix 4x4 (  1.0000, 0.0000,   0.0000, 0.0000)
            (  0.0000, 1.0000,  -0.0000, 0.0000)
            (  0.0000, 0.0000,   1.0000, 0.0000)
            (-11.0000, 3.0000, -14.0000, 1.0000)>
MESH
Wall_Modular.021
<Matrix 4x4 (  1.0000, 0.0000,   0.0000, 0.0000)
            (  0.0000, 1.0000,  -0.0000, 0.0000)
            (  0.0000, 0.0000,   1.0000, 0.0000)
            (-13.0000, 3.0000, -14.0000, 1.0000)>
MESH
Wall_Modular.020
<Matrix 4x4 (  1.0000, 0.0000,   0.0000, 0.0000)
            (  0.0000, 1.0000,  -0.0000, 0.0000)
            (  0.0000, 0.0000,   1.0000, 0.0000)
            (-13.0000, 1.0000, -14.0000, 1.0000)>
MESH
Wall_Modular.019
<Matrix 4x4 ( 1.0000, 0.0000,   0.0000, 0.0000)
            ( 0.0000, 1.0000,  -0.0000, 0.0000)
            ( 0.0000, 0.0000,   1.0000, 0.0000)
            (-7.0000, 1.0000, -14.0000, 1.0000)>
MESH
Wall_Modular.018
<Matrix 4x4 ( 1.0000, 0.0000,   0.0000, 0.0000)
            ( 0.0000, 1.0000,  -0.0000, 0.0000)
            ( 0.0000, 0.0000,   1.0000, 0.0000)
            (-7.0000, 3.0000, -14.0000, 1.0000)>
MESH
Wall_Modular.017
<Matrix 4x4 ( 1.0000, 0.0000,   0.0000, 0.0000)
            ( 0.0000, 1.0000,  -0.0000, 0.0000)
            ( 0.0000, 0.0000,   1.0000, 0.0000)
            (-9.0000, 1.0000, -14.0000, 1.0000)>
MESH
Wall_Modular.016
<Matrix 4x4 ( 1.0000, 0.0000,   0.0000, 0.0000)
            ( 0.0000, 1.0000,  -0.0000, 0.0000)
            ( 0.0000, 0.0000,   1.0000, 0.0000)
            (-9.0000, 3.0000, -14.0000, 1.0000)>
MESH
Wall_Modular.047
<Matrix 4x4 (-0.0000, 0.0000,  1.0000, 0.0000)
            ( 0.0000, 1.0000, -0.0000, 0.0000)
            (-1.0000, 0.0000, -0.0000, 0.0000)
            (14.0000, 1.0000,  3.0000, 1.0000)>
MESH
Wall_Modular.046
<Matrix 4x4 (-0.0000, 0.0000,  1.0000, 0.0000)
            ( 0.0000, 1.0000, -0.0000, 0.0000)
            (-1.0000, 0.0000, -0.0000, 0.0000)
            (14.0000, 3.0000,  3.0000, 1.0000)>
MESH
Wall_Modular.045
<Matrix 4x4 (-0.0000, 0.0000,  1.0000, 0.0000)
            ( 0.0000, 1.0000, -0.0000, 0.0000)
            (-1.0000, 0.0000, -0.0000, 0.0000)
            (14.0000, 3.0000,  5.0000, 1.0000)>
MESH
Wall_Modular.044
<Matrix 4x4 (-0.0000, 0.0000,  1.0000, 0.0000)
            ( 0.0000, 1.0000, -0.0000, 0.0000)
            (-1.0000, 0.0000, -0.0000, 0.0000)
            (14.0000, 1.0000,  5.0000, 1.0000)>
MESH
Wall_Modular.043
<Matrix 4x4 (-0.0000, 0.0000,  1.0000, 0.0000)
            ( 0.0000, 1.0000, -0.0000, 0.0000)
            (-1.0000, 0.0000, -0.0000, 0.0000)
            (14.0000, 1.0000, -3.0000, 1.0000)>
MESH
Wall_Modular.042
<Matrix 4x4 (-0.0000, 0.0000,  1.0000, 0.0000)
            ( 0.0000, 1.0000, -0.0000, 0.0000)
            (-1.0000, 0.0000, -0.0000, 0.0000)
            (14.0000, 3.0000, -3.0000, 1.0000)>
MESH
Wall_Modular.041
<Matrix 4x4 (-0.0000, 0.0000,  1.0000, 0.0000)
            ( 0.0000, 1.0000, -0.0000, 0.0000)
            (-1.0000, 0.0000, -0.0000, 0.0000)
            (14.0000, 3.0000, -5.0000, 1.0000)>
MESH
Wall_Modular.040
<Matrix 4x4 (-0.0000, 0.0000,  1.0000, 0.0000)
            ( 0.0000, 1.0000, -0.0000, 0.0000)
            (-1.0000, 0.0000, -0.0000, 0.0000)
            (14.0000, 1.0000, -5.0000, 1.0000)>
MESH
Wall_Modular.039
<Matrix 4x4 (-0.0000, 0.0000,  1.0000, 0.0000)
            ( 0.0000, 1.0000, -0.0000, 0.0000)
            (-1.0000, 0.0000, -0.0000, 0.0000)
            (14.0000, 1.0000,  9.0000, 1.0000)>
MESH
Wall_Modular.038
<Matrix 4x4 (-0.0000, 0.0000,  1.0000, 0.0000)
            ( 0.0000, 1.0000, -0.0000, 0.0000)
            (-1.0000, 0.0000, -0.0000, 0.0000)
            (14.0000, 3.0000,  9.0000, 1.0000)>
MESH
Wall_Modular.037
<Matrix 4x4 (-0.0000, 0.0000,  1.0000, 0.0000)
            ( 0.0000, 1.0000, -0.0000, 0.0000)
            (-1.0000, 0.0000, -0.0000, 0.0000)
            (14.0000, 3.0000,  7.0000, 1.0000)>
MESH
Wall_Modular.036
<Matrix 4x4 (-0.0000, 0.0000,  1.0000, 0.0000)
            ( 0.0000, 1.0000, -0.0000, 0.0000)
            (-1.0000, 0.0000, -0.0000, 0.0000)
            (14.0000, 1.0000,  7.0000, 1.0000)>
MESH
Wall_Modular.035
<Matrix 4x4 (-0.0000, 0.0000,  1.0000, 0.0000)
            ( 0.0000, 1.0000, -0.0000, 0.0000)
            (-1.0000, 0.0000, -0.0000, 0.0000)
            (14.0000, 1.0000, 13.0000, 1.0000)>
MESH
Wall_Modular.034
<Matrix 4x4 (-0.0000, 0.0000,  1.0000, 0.0000)
            ( 0.0000, 1.0000, -0.0000, 0.0000)
            (-1.0000, 0.0000, -0.0000, 0.0000)
            (14.0000, 3.0000, 13.0000, 1.0000)>
MESH
Wall_Modular.033
<Matrix 4x4 (-0.0000, 0.0000,  1.0000, 0.0000)
            ( 0.0000, 1.0000, -0.0000, 0.0000)
            (-1.0000, 0.0000, -0.0000, 0.0000)
            (14.0000, 1.0000, 11.0000, 1.0000)>
MESH
Wall_Modular.032
<Matrix 4x4 (-0.0000, 0.0000,  1.0000, 0.0000)
            ( 0.0000, 1.0000, -0.0000, 0.0000)
            (-1.0000, 0.0000, -0.0000, 0.0000)
            (14.0000, 3.0000, 11.0000, 1.0000)>
MESH
Wall_Modular.031
<Matrix 4x4 (-0.0000, 0.0000,  1.0000, 0.0000)
            ( 0.0000, 1.0000, -0.0000, 0.0000)
            (-1.0000, 0.0000, -0.0000, 0.0000)
            (14.0000, 3.0000, -9.0000, 1.0000)>
MESH
Wall_Modular.030
<Matrix 4x4 (-0.0000, 0.0000,  1.0000, 0.0000)
            ( 0.0000, 1.0000, -0.0000, 0.0000)
            (-1.0000, 0.0000, -0.0000, 0.0000)
            (14.0000, 1.0000, -9.0000, 1.0000)>
MESH
Wall_Modular.029
<Matrix 4x4 (-0.0000, 0.0000,  1.0000, 0.0000)
            ( 0.0000, 1.0000, -0.0000, 0.0000)
            (-1.0000, 0.0000, -0.0000, 0.0000)
            (14.0000, 3.0000, -7.0000, 1.0000)>
MESH
Wall_Modular.028
<Matrix 4x4 (-0.0000, 0.0000,  1.0000, 0.0000)
            ( 0.0000, 1.0000, -0.0000, 0.0000)
            (-1.0000, 0.0000, -0.0000, 0.0000)
            (14.0000, 1.0000, -7.0000, 1.0000)>
MESH
Wall_Modular.027
<Matrix 4x4 (-0.0000, 0.0000,   1.0000, 0.0000)
            ( 0.0000, 1.0000,  -0.0000, 0.0000)
            (-1.0000, 0.0000,  -0.0000, 0.0000)
            (14.0000, 1.0000, -13.0000, 1.0000)>
MESH
Wall_Modular.026
<Matrix 4x4 (-0.0000, 0.0000,   1.0000, 0.0000)
            ( 0.0000, 1.0000,  -0.0000, 0.0000)
            (-1.0000, 0.0000,  -0.0000, 0.0000)
            (14.0000, 3.0000, -13.0000, 1.0000)>
MESH
Wall_Modular.025
<Matrix 4x4 (-0.0000, 0.0000,   1.0000, 0.0000)
            ( 0.0000, 1.0000,  -0.0000, 0.0000)
            (-1.0000, 0.0000,  -0.0000, 0.0000)
            (14.0000, 3.0000, -11.0000, 1.0000)>
MESH
Wall_Modular.024
<Matrix 4x4 (-0.0000, 0.0000,   1.0000, 0.0000)
            ( 0.0000, 1.0000,  -0.0000, 0.0000)
            (-1.0000, 0.0000,  -0.0000, 0.0000)
            (14.0000, 1.0000, -11.0000, 1.0000)>
MESH
Wall_Modular.071
<Matrix 4x4 ( -0.0000, -0.0000, -1.0000, 0.0000)
            ( -0.0000,  1.0000, -0.0000, 0.0000)
            (  1.0000,  0.0000, -0.0000, 0.0000)
            (-14.0000,  1.0000, 11.0000, 1.0000)>
MESH
Wall_Modular.070
<Matrix 4x4 ( -0.0000, -0.0000, -1.0000, 0.0000)
            ( -0.0000,  1.0000, -0.0000, 0.0000)
            (  1.0000,  0.0000, -0.0000, 0.0000)
            (-14.0000,  3.0000, 11.0000, 1.0000)>
MESH
Wall_Modular.069
<Matrix 4x4 ( -0.0000, -0.0000, -1.0000, 0.0000)
            ( -0.0000,  1.0000, -0.0000, 0.0000)
            (  1.0000,  0.0000, -0.0000, 0.0000)
            (-14.0000,  3.0000, 13.0000, 1.0000)>
MESH
Wall_Modular.068
<Matrix 4x4 ( -0.0000, -0.0000, -1.0000, 0.0000)
            ( -0.0000,  1.0000, -0.0000, 0.0000)
            (  1.0000,  0.0000, -0.0000, 0.0000)
            (-14.0000,  1.0000, 13.0000, 1.0000)>
MESH
Wall_Modular.067
<Matrix 4x4 ( -0.0000, -0.0000, -1.0000, 0.0000)
            ( -0.0000,  1.0000, -0.0000, 0.0000)
            (  1.0000,  0.0000, -0.0000, 0.0000)
            (-14.0000,  1.0000,  7.0000, 1.0000)>
MESH
Wall_Modular.066
<Matrix 4x4 ( -0.0000, -0.0000, -1.0000, 0.0000)
            ( -0.0000,  1.0000, -0.0000, 0.0000)
            (  1.0000,  0.0000, -0.0000, 0.0000)
            (-14.0000,  3.0000,  7.0000, 1.0000)>
MESH
Wall_Modular.065
<Matrix 4x4 ( -0.0000, -0.0000, -1.0000, 0.0000)
            ( -0.0000,  1.0000, -0.0000, 0.0000)
            (  1.0000,  0.0000, -0.0000, 0.0000)
            (-14.0000,  1.0000,  9.0000, 1.0000)>
MESH
Wall_Modular.064
<Matrix 4x4 ( -0.0000, -0.0000, -1.0000, 0.0000)
            ( -0.0000,  1.0000, -0.0000, 0.0000)
            (  1.0000,  0.0000, -0.0000, 0.0000)
            (-14.0000,  3.0000,  9.0000, 1.0000)>
MESH
Wall_Modular.063
<Matrix 4x4 ( -0.0000, -0.0000,  -1.0000, 0.0000)
            ( -0.0000,  1.0000,  -0.0000, 0.0000)
            (  1.0000,  0.0000,  -0.0000, 0.0000)
            (-14.0000,  3.0000, -11.0000, 1.0000)>
MESH
Wall_Modular.062
<Matrix 4x4 ( -0.0000, -0.0000,  -1.0000, 0.0000)
            ( -0.0000,  1.0000,  -0.0000, 0.0000)
            (  1.0000,  0.0000,  -0.0000, 0.0000)
            (-14.0000,  1.0000, -11.0000, 1.0000)>
MESH
Wall_Modular.061
<Matrix 4x4 ( -0.0000, -0.0000,  -1.0000, 0.0000)
            ( -0.0000,  1.0000,  -0.0000, 0.0000)
            (  1.0000,  0.0000,  -0.0000, 0.0000)
            (-14.0000,  3.0000, -13.0000, 1.0000)>
MESH
Wall_Modular.060
<Matrix 4x4 ( -0.0000, -0.0000,  -1.0000, 0.0000)
            ( -0.0000,  1.0000,  -0.0000, 0.0000)
            (  1.0000,  0.0000,  -0.0000, 0.0000)
            (-14.0000,  1.0000, -13.0000, 1.0000)>
MESH
Wall_Modular.059
<Matrix 4x4 ( -0.0000, -0.0000, -1.0000, 0.0000)
            ( -0.0000,  1.0000, -0.0000, 0.0000)
            (  1.0000,  0.0000, -0.0000, 0.0000)
            (-14.0000,  1.0000, -7.0000, 1.0000)>
MESH
Wall_Modular.058
<Matrix 4x4 ( -0.0000, -0.0000, -1.0000, 0.0000)
            ( -0.0000,  1.0000, -0.0000, 0.0000)
            (  1.0000,  0.0000, -0.0000, 0.0000)
            (-14.0000,  3.0000, -7.0000, 1.0000)>
MESH
Wall_Modular.057
<Matrix 4x4 ( -0.0000, -0.0000, -1.0000, 0.0000)
            ( -0.0000,  1.0000, -0.0000, 0.0000)
            (  1.0000,  0.0000, -0.0000, 0.0000)
            (-14.0000,  3.0000, -9.0000, 1.0000)>
MESH
Wall_Modular.056
<Matrix 4x4 ( -0.0000, -0.0000, -1.0000, 0.0000)
            ( -0.0000,  1.0000, -0.0000, 0.0000)
            (  1.0000,  0.0000, -0.0000, 0.0000)
            (-14.0000,  1.0000, -9.0000, 1.0000)>
MESH
Wall_Modular.055
<Matrix 4x4 ( -0.0000, -0.0000, -1.0000, 0.0000)
            ( -0.0000,  1.0000, -0.0000, 0.0000)
            (  1.0000,  0.0000, -0.0000, 0.0000)
            (-14.0000,  1.0000,  5.0000, 1.0000)>
MESH
Wall_Modular.054
<Matrix 4x4 ( -0.0000, -0.0000, -1.0000, 0.0000)
            ( -0.0000,  1.0000, -0.0000, 0.0000)
            (  1.0000,  0.0000, -0.0000, 0.0000)
            (-14.0000,  3.0000,  5.0000, 1.0000)>
MESH
Wall_Modular.053
<Matrix 4x4 ( -0.0000, -0.0000, -1.0000, 0.0000)
            ( -0.0000,  1.0000, -0.0000, 0.0000)
            (  1.0000,  0.0000, -0.0000, 0.0000)
            (-14.0000,  3.0000,  3.0000, 1.0000)>
MESH
Wall_Modular.052
<Matrix 4x4 ( -0.0000, -0.0000, -1.0000, 0.0000)
            ( -0.0000,  1.0000, -0.0000, 0.0000)
            (  1.0000,  0.0000, -0.0000, 0.0000)
            (-14.0000,  1.0000,  3.0000, 1.0000)>
MESH
Wall_Modular.051
<Matrix 4x4 ( -0.0000, -0.0000, -1.0000, 0.0000)
            ( -0.0000,  1.0000, -0.0000, 0.0000)
            (  1.0000,  0.0000, -0.0000, 0.0000)
            (-14.0000,  1.0000, -5.0000, 1.0000)>
MESH
Wall_Modular.050
<Matrix 4x4 ( -0.0000, -0.0000, -1.0000, 0.0000)
            ( -0.0000,  1.0000, -0.0000, 0.0000)
            (  1.0000,  0.0000, -0.0000, 0.0000)
            (-14.0000,  3.0000, -5.0000, 1.0000)>
MESH
Wall_Modular.049
<Matrix 4x4 ( -0.0000, -0.0000, -1.0000, 0.0000)
            ( -0.0000,  1.0000, -0.0000, 0.0000)
            (  1.0000,  0.0000, -0.0000, 0.0000)
            (-14.0000,  3.0000, -3.0000, 1.0000)>
MESH
Wall_Modular.048
<Matrix 4x4 ( -0.0000, -0.0000, -1.0000, 0.0000)
            ( -0.0000,  1.0000, -0.0000, 0.0000)
            (  1.0000,  0.0000, -0.0000, 0.0000)
            (-14.0000,  1.0000, -3.0000, 1.0000)>
MESH
Wall_Modular.095
<Matrix 4x4 (-1.0000, 0.0000, -0.0000, 0.0000)
            (-0.0000, 1.0000,  0.0000, 0.0000)
            ( 0.0000, 0.0000, -1.0000, 0.0000)
            (11.0000, 1.0000, 14.0000, 1.0000)>
MESH
Wall_Modular.094
<Matrix 4x4 (-1.0000, 0.0000, -0.0000, 0.0000)
            (-0.0000, 1.0000,  0.0000, 0.0000)
            ( 0.0000, 0.0000, -1.0000, 0.0000)
            (11.0000, 3.0000, 14.0000, 1.0000)>
MESH
Wall_Modular.093
<Matrix 4x4 (-1.0000, 0.0000, -0.0000, 0.0000)
            (-0.0000, 1.0000,  0.0000, 0.0000)
            ( 0.0000, 0.0000, -1.0000, 0.0000)
            (13.0000, 3.0000, 14.0000, 1.0000)>
MESH
Wall_Modular.092
<Matrix 4x4 (-1.0000, 0.0000, -0.0000, 0.0000)
            (-0.0000, 1.0000,  0.0000, 0.0000)
            ( 0.0000, 0.0000, -1.0000, 0.0000)
            (13.0000, 1.0000, 14.0000, 1.0000)>
MESH
Wall_Modular.091
<Matrix 4x4 (-1.0000, 0.0000, -0.0000, 0.0000)
            (-0.0000, 1.0000,  0.0000, 0.0000)
            ( 0.0000, 0.0000, -1.0000, 0.0000)
            ( 7.0000, 1.0000, 14.0000, 1.0000)>
MESH
Wall_Modular.090
<Matrix 4x4 (-1.0000, 0.0000, -0.0000, 0.0000)
            (-0.0000, 1.0000,  0.0000, 0.0000)
            ( 0.0000, 0.0000, -1.0000, 0.0000)
            ( 7.0000, 3.0000, 14.0000, 1.0000)>
MESH
Wall_Modular.089
<Matrix 4x4 (-1.0000, 0.0000, -0.0000, 0.0000)
            (-0.0000, 1.0000,  0.0000, 0.0000)
            ( 0.0000, 0.0000, -1.0000, 0.0000)
            ( 9.0000, 1.0000, 14.0000, 1.0000)>
MESH
Wall_Modular.088
<Matrix 4x4 (-1.0000, 0.0000, -0.0000, 0.0000)
            (-0.0000, 1.0000,  0.0000, 0.0000)
            ( 0.0000, 0.0000, -1.0000, 0.0000)
            ( 9.0000, 3.0000, 14.0000, 1.0000)>
MESH
Wall_Modular.087
<Matrix 4x4 ( -1.0000, 0.0000, -0.0000, 0.0000)
            ( -0.0000, 1.0000,  0.0000, 0.0000)
            (  0.0000, 0.0000, -1.0000, 0.0000)
            (-11.0000, 3.0000, 14.0000, 1.0000)>
MESH
Wall_Modular.086
<Matrix 4x4 ( -1.0000, 0.0000, -0.0000, 0.0000)
            ( -0.0000, 1.0000,  0.0000, 0.0000)
            (  0.0000, 0.0000, -1.0000, 0.0000)
            (-11.0000, 1.0000, 14.0000, 1.0000)>
MESH
Wall_Modular.085
<Matrix 4x4 ( -1.0000, 0.0000, -0.0000, 0.0000)
            ( -0.0000, 1.0000,  0.0000, 0.0000)
            (  0.0000, 0.0000, -1.0000, 0.0000)
            (-13.0000, 3.0000, 14.0000, 1.0000)>
MESH
Wall_Modular.084
<Matrix 4x4 ( -1.0000, 0.0000, -0.0000, 0.0000)
            ( -0.0000, 1.0000,  0.0000, 0.0000)
            (  0.0000, 0.0000, -1.0000, 0.0000)
            (-13.0000, 1.0000, 14.0000, 1.0000)>
MESH
Wall_Modular.083
<Matrix 4x4 (-1.0000, 0.0000, -0.0000, 0.0000)
            (-0.0000, 1.0000,  0.0000, 0.0000)
            ( 0.0000, 0.0000, -1.0000, 0.0000)
            (-7.0000, 1.0000, 14.0000, 1.0000)>
MESH
Wall_Modular.082
<Matrix 4x4 (-1.0000, 0.0000, -0.0000, 0.0000)
            (-0.0000, 1.0000,  0.0000, 0.0000)
            ( 0.0000, 0.0000, -1.0000, 0.0000)
            (-7.0000, 3.0000, 14.0000, 1.0000)>
MESH
Wall_Modular.081
<Matrix 4x4 (-1.0000, 0.0000, -0.0000, 0.0000)
            (-0.0000, 1.0000,  0.0000, 0.0000)
            ( 0.0000, 0.0000, -1.0000, 0.0000)
            (-9.0000, 3.0000, 14.0000, 1.0000)>
MESH
Wall_Modular.080
<Matrix 4x4 (-1.0000, 0.0000, -0.0000, 0.0000)
            (-0.0000, 1.0000,  0.0000, 0.0000)
            ( 0.0000, 0.0000, -1.0000, 0.0000)
            (-9.0000, 1.0000, 14.0000, 1.0000)>
MESH
Wall_Modular.079
<Matrix 4x4 (-1.0000, 0.0000, -0.0000, 0.0000)
            (-0.0000, 1.0000,  0.0000, 0.0000)
            ( 0.0000, 0.0000, -1.0000, 0.0000)
            ( 5.0000, 1.0000, 14.0000, 1.0000)>
MESH
Wall_Modular.078
<Matrix 4x4 (-1.0000, 0.0000, -0.0000, 0.0000)
            (-0.0000, 1.0000,  0.0000, 0.0000)
            ( 0.0000, 0.0000, -1.0000, 0.0000)
            ( 5.0000, 3.0000, 14.0000, 1.0000)>
MESH
Wall_Modular.077
<Matrix 4x4 (-1.0000, 0.0000, -0.0000, 0.0000)
            (-0.0000, 1.0000,  0.0000, 0.0000)
            ( 0.0000, 0.0000, -1.0000, 0.0000)
            ( 3.0000, 3.0000, 14.0000, 1.0000)>
MESH
Wall_Modular.076
<Matrix 4x4 (-1.0000, 0.0000, -0.0000, 0.0000)
            (-0.0000, 1.0000,  0.0000, 0.0000)
            ( 0.0000, 0.0000, -1.0000, 0.0000)
            ( 3.0000, 1.0000, 14.0000, 1.0000)>
MESH
Wall_Modular.075
<Matrix 4x4 (-1.0000, 0.0000, -0.0000, 0.0000)
            (-0.0000, 1.0000,  0.0000, 0.0000)
            ( 0.0000, 0.0000, -1.0000, 0.0000)
            (-5.0000, 1.0000, 14.0000, 1.0000)>
MESH
Wall_Modular.074
<Matrix 4x4 (-1.0000, 0.0000, -0.0000, 0.0000)
            (-0.0000, 1.0000,  0.0000, 0.0000)
            ( 0.0000, 0.0000, -1.0000, 0.0000)
            (-5.0000, 3.0000, 14.0000, 1.0000)>
MESH
Wall_Modular.073
<Matrix 4x4 (-1.0000, 0.0000, -0.0000, 0.0000)
            (-0.0000, 1.0000,  0.0000, 0.0000)
            ( 0.0000, 0.0000, -1.0000, 0.0000)
            (-3.0000, 3.0000, 14.0000, 1.0000)>
MESH
Wall_Modular.072
<Matrix 4x4 (-1.0000, 0.0000, -0.0000, 0.0000)
            (-0.0000, 1.0000,  0.0000, 0.0000)
            ( 0.0000, 0.0000, -1.0000, 0.0000)
            (-3.0000, 1.0000, 14.0000, 1.0000)>
MESH
Bell_Tower
<Matrix 4x4 (2.0000, 0.0000,  0.0000, 0.0000)
            (0.0000, 2.0000, -0.0000, 0.0000)
            (0.0000, 0.0000,  2.0000, 0.0000)
            (0.0000, 0.0000,  0.0000, 1.0000)>
MESH
Blacksmith
<Matrix 4x4 ( 1.0000, 0.0000,  0.0000, 0.0000)
            ( 0.0000, 1.0000, -0.0000, 0.0000)
            ( 0.0000, 0.0000,  1.0000, 0.0000)
            (11.8948, 0.0000, 11.7727, 1.0000)>
MESH
House_1
<Matrix 4x4 (-1.0000, 0.0000, -0.0000, 0.0000)
            (-0.0000, 1.0000,  0.0000, 0.0000)
            ( 0.0000, 0.0000, -1.0000, 0.0000)
            (11.9190, 0.0000,  3.5178, 1.0000)>
MESH
House_1.001
<Matrix 4x4 (-1.0000, 0.0000, -0.0000, 0.0000)
            (-0.0000, 1.0000,  0.0000, 0.0000)
            ( 0.0000, 0.0000, -1.0000, 0.0000)
            ( 9.6159, 0.0000,  3.5178, 1.0000)>
MESH
House_1.002
<Matrix 4x4 (-1.0000, 0.0000, -0.0000, 0.0000)
            (-0.0000, 1.0000,  0.0000, 0.0000)
            ( 0.0000, 0.0000, -1.0000, 0.0000)
            ( 7.2387, 0.0000,  3.5178, 1.0000)>
MESH
House_1.003
<Matrix 4x4 (1.0000, 0.0000,  0.0000, 0.0000)
            (0.0000, 1.0000, -0.0000, 0.0000)
            (0.0000, 0.0000,  1.0000, 0.0000)
            (7.2387, 0.0000, 11.9256, 1.0000)>
MESH
WoodFire
<Matrix 4x4 (1.0000, 0.0000,  0.0000, 0.0000)
            (0.0000, 1.0000, -0.0000, 0.0000)
            (0.0000, 0.0000,  1.0000, 0.0000)
            (9.6073, 0.0000,  7.8351, 1.0000)>
MESH
Bull
<Matrix 4x4 (0.1500, 0.0000,  0.0000, 0.0000)
            (0.0000, 0.1000, -0.0000, 0.0000)
            (0.0000, 0.0000,  0.1000, 0.0000)
            (9.2131, 0.0000,  9.4239, 1.0000)>
MESH
Bull.001
<Matrix 4x4 ( 0.0730, 0.0000, -0.1311, 0.0000)
            (-0.0000, 0.1000, -0.0000, 0.0000)
            ( 0.0874, 0.0000,  0.0486, 0.0000)
            (10.9025, 0.0000,  8.5540, 1.0000)>
MESH
Bull.002
<Matrix 4x4 (-0.0834, 0.0000, -0.1246, 0.0000)
            (-0.0000, 0.1000,  0.0000, 0.0000)
            ( 0.0831, 0.0000, -0.0556, 0.0000)
            (10.9025, 0.0000,  6.5782, 1.0000)>
MESH
Mill
<Matrix 4x4 ( -0.0170, 0.0000,  0.9999, 0.0000)
            (  0.0000, 1.0000,  0.0000, 0.0000)
            ( -0.9999, 0.0000, -0.0170, 0.0000)
            (-11.7896, 0.0000,  3.5718, 1.0000)>
MESH
Mill_Blades
<Matrix 4x4 ( -0.0170, 0.0000,  0.9999, 0.0000)
            (  0.0000, 1.0000,  0.0000, 0.0000)
            ( -0.9999, 0.0000, -0.0170, 0.0000)
            (-11.7896, 0.0000,  3.5718, 1.0000)>
MESH
House_2
<Matrix 4x4 (-1.0000, 0.0000, -0.0000, 0.0000)
            (-0.0000, 1.0000,  0.0000, 0.0000)
            ( 0.0000, 0.0000, -1.0000, 0.0000)
            (-4.2223, 0.0000, 12.3029, 1.0000)>
MESH
House_2.001
<Matrix 4x4 (-1.0000, 0.0000, -0.0000, 0.0000)
            (-0.0000, 1.0000,  0.0000, 0.0000)
            ( 0.0000, 0.0000, -1.0000, 0.0000)
            (-6.7861, 0.0000, 12.3029, 1.0000)>
MESH
House_2.002
<Matrix 4x4 (-1.0000, 0.0000, -0.0000, 0.0000)
            (-0.0000, 1.0000,  0.0000, 0.0000)
            ( 0.0000, 0.0000, -1.0000, 0.0000)
            (-9.4828, 0.0000, 12.3029, 1.0000)>
MESH
House_2.003
<Matrix 4x4 ( -1.0000, 0.0000, -0.0000, 0.0000)
            ( -0.0000, 1.0000,  0.0000, 0.0000)
            (  0.0000, 0.0000, -1.0000, 0.0000)
            (-12.1904, 0.0000, 12.3029, 1.0000)>
MESH
Mill.001
<Matrix 4x4 ( -0.0170, 0.0000,  0.9999, 0.0000)
            (  0.0000, 1.0000,  0.0000, 0.0000)
            ( -0.9999, 0.0000, -0.0170, 0.0000)
            (-11.7896, 0.0000, -3.4030, 1.0000)>
MESH
Mill_Blades.001
<Matrix 4x4 ( -0.0170, 0.0000,  0.9999, 0.0000)
            (  0.0000, 1.0000,  0.0000, 0.0000)
            ( -0.9999, 0.0000, -0.0170, 0.0000)
            (-11.7896, 0.0000, -3.4030, 1.0000)>
MESH
WoodFire.002
<Matrix 4x4 ( 1.0000, 0.0000,  0.0000, 0.0000)
            ( 0.0000, 1.0000, -0.0000, 0.0000)
            ( 0.0000, 0.0000,  1.0000, 0.0000)
            (-7.8772, 0.0000,  7.8351, 1.0000)>
MESH
WoodFire.003
<Matrix 4x4 ( 1.0000, 0.0000,  0.0000, 0.0000)
            ( 0.0000, 1.0000, -0.0000, 0.0000)
            ( 0.0000, 0.0000,  1.0000, 0.0000)
            (-6.9079, 0.0000,  0.1183, 1.0000)>
MESH
Donkey
<Matrix 4x4 ( 0.1170, 0.0000,  0.1622, 0.0000)
            ( 0.0000, 0.2000, -0.0000, 0.0000)
            (-0.1622, 0.0000,  0.1170, 0.0000)
            (-9.6249, 0.0000,  8.8209, 1.0000)>
MESH
Donkey.001
<Matrix 4x4 ( 0.1879, 0.0000, -0.0684, 0.0000)
            (-0.0000, 0.2000, -0.0000, 0.0000)
            ( 0.0684, 0.0000,  0.1879, 0.0000)
            (-6.8149, 0.0000,  9.3824, 1.0000)>
MESH
Horse_Cube
<Matrix 4x4 (-0.1409, 0.0000, -0.1419, 0.0000)
            (-0.0000, 0.2000,  0.0000, 0.0000)
            ( 0.1419, 0.0000, -0.1409, 0.0000)
            (-5.8539, 0.0000,  6.8943, 1.0000)>
MESH
House_1.006
<Matrix 4x4 ( 1.0000, 0.0000,  0.0000, 0.0000)
            ( 0.0000, 1.0000, -0.0000, 0.0000)
            ( 0.0000, 0.0000,  1.0000, 0.0000)
            (11.9190, 0.0000, -0.4690, 1.0000)>
MESH
House_1.005
<Matrix 4x4 (1.0000, 0.0000,  0.0000, 0.0000)
            (0.0000, 1.0000, -0.0000, 0.0000)
            (0.0000, 0.0000,  1.0000, 0.0000)
            (9.6159, 0.0000, -0.4690, 1.0000)>
MESH
House_1.004
<Matrix 4x4 (1.0000, 0.0000,  0.0000, 0.0000)
            (0.0000, 1.0000, -0.0000, 0.0000)
            (0.0000, 0.0000,  1.0000, 0.0000)
            (7.2387, 0.0000, -0.4690, 1.0000)>
MESH
Bull.003
<Matrix 4x4 (-0.0834, 0.0000, -0.1246, 0.0000)
            (-0.0000, 0.1000,  0.0000, 0.0000)
            ( 0.0831, 0.0000, -0.0556, 0.0000)
            (10.9025, 0.0000,  0.9115, 1.0000)>
MESH
Horse_Cube.001
<Matrix 4x4 ( 0.0098, 0.0000,  0.1998, 0.0000)
            ( 0.0000, 0.2000, -0.0000, 0.0000)
            (-0.1998, 0.0000,  0.0098, 0.0000)
            ( 9.2213, 0.0000,  1.4445, 1.0000)>
MESH
Bag_Coins
<Matrix 4x4 (-0.3535, 0.0000, -0.9354, 0.0000)
            (-0.0000, 1.0000,  0.0000, 0.0000)
            ( 0.9354, 0.0000, -0.3535, 0.0000)
            (10.1011, 0.0000,  1.8930, 1.0000)>
MESH
Bag_Coins.001
<Matrix 4x4 ( 0.4242, 0.0000,  0.9056, 0.0000)
            ( 0.0000, 1.0000, -0.0000, 0.0000)
            (-0.9056, 0.0000,  0.4242, 0.0000)
            ( 9.8347, 0.0000,  0.6927, 1.0000)>
MESH
Wall_Modular.099
<Matrix 4x4 ( -0.0000, -0.0000, -1.0000, 0.0000)
            ( -0.0000,  1.0000, -0.0000, 0.0000)
            (  1.0000,  0.0000, -0.0000, 0.0000)
            (-14.0000,  1.0000,  1.0133, 1.0000)>
MESH
Wall_Modular.098
<Matrix 4x4 ( -0.0000, -0.0000, -1.0000, 0.0000)
            ( -0.0000,  1.0000, -0.0000, 0.0000)
            (  1.0000,  0.0000, -0.0000, 0.0000)
            (-14.0000,  3.0000,  1.0133, 1.0000)>
MESH
Wall_Modular.097
<Matrix 4x4 ( -0.0000, -0.0000, -1.0000, 0.0000)
            ( -0.0000,  1.0000, -0.0000, 0.0000)
            (  1.0000,  0.0000, -0.0000, 0.0000)
            (-14.0000,  3.0000, -0.9867, 1.0000)>
MESH
Wall_Modular.096
<Matrix 4x4 ( -0.0000, -0.0000, -1.0000, 0.0000)
            ( -0.0000,  1.0000, -0.0000, 0.0000)
            (  1.0000,  0.0000, -0.0000, 0.0000)
            (-14.0000,  1.0000, -0.9867, 1.0000)>
MESH
Wall_Modular.103
<Matrix 4x4 (-1.0000, 0.0000, -0.0000, 0.0000)
            (-0.0000, 1.0000,  0.0000, 0.0000)
            ( 0.0000, 0.0000, -1.0000, 0.0000)
            ( 1.0001, 1.0000, 14.0000, 1.0000)>
MESH
Wall_Modular.102
<Matrix 4x4 (-1.0000, 0.0000, -0.0000, 0.0000)
            (-0.0000, 1.0000,  0.0000, 0.0000)
            ( 0.0000, 0.0000, -1.0000, 0.0000)
            ( 1.0001, 3.0000, 14.0000, 1.0000)>
MESH
Wall_Modular.101
<Matrix 4x4 (-1.0000, 0.0000, -0.0000, 0.0000)
            (-0.0000, 1.0000,  0.0000, 0.0000)
            ( 0.0000, 0.0000, -1.0000, 0.0000)
            (-0.9999, 3.0000, 14.0000, 1.0000)>
MESH
Wall_Modular.100
<Matrix 4x4 (-1.0000, 0.0000, -0.0000, 0.0000)
            (-0.0000, 1.0000,  0.0000, 0.0000)
            ( 0.0000, 0.0000, -1.0000, 0.0000)
            (-0.9999, 1.0000, 14.0000, 1.0000)>
MESH
Wall_Modular.107
<Matrix 4x4 (-0.0000, 0.0000,  1.0000, 0.0000)
            ( 0.0000, 1.0000, -0.0000, 0.0000)
            (-1.0000, 0.0000, -0.0000, 0.0000)
            (14.0000, 1.0000,  0.9844, 1.0000)>
MESH
Wall_Modular.106
<Matrix 4x4 (-0.0000, 0.0000,  1.0000, 0.0000)
            ( 0.0000, 1.0000, -0.0000, 0.0000)
            (-1.0000, 0.0000, -0.0000, 0.0000)
            (14.0000, 3.0000,  0.9844, 1.0000)>
MESH
Wall_Modular.105
<Matrix 4x4 (-0.0000, 0.0000,  1.0000, 0.0000)
            ( 0.0000, 1.0000, -0.0000, 0.0000)
            (-1.0000, 0.0000, -0.0000, 0.0000)
            (14.0000, 3.0000, -1.0156, 1.0000)>
MESH
Wall_Modular.104
<Matrix 4x4 (-0.0000, 0.0000,  1.0000, 0.0000)
            ( 0.0000, 1.0000, -0.0000, 0.0000)
            (-1.0000, 0.0000, -0.0000, 0.0000)
            (14.0000, 1.0000, -1.0156, 1.0000)>
